
 	 Pontos na malhamalha [ 5 ] 


 ==========  Tridiagonal  ==========


    -7.606970066264e-01 -5.493868928225e-01 -3.640636295417e-01 -2.108979420659e-01 -9.055153983374e-02
NORMA_L2:   1.886703646264e-08
TEMPO:   1.696280002594e+00


 ==========  EDO  ==========


    -7.626539533362e-01 -5.695931537245e-01 -4.042884920475e-01 -2.572723527539e-01 -1.233403912515e-01
NORMA_L2:   1.685966842014e-05
TEMPO:   2.539291024208e+00


 	 Pontos na malhamalha [ 10 ] 


 ==========  Tridiagonal  ==========


    -8.679067370025e-01 -7.426765226735e-01 -6.229447932288e-01 -5.109206128157e-01 -4.080981301324e-01 -3.153315589913e-01 -2.329312725509e-01 -1.607691427004e-01 -9.838349501001e-02 -4.507658525631e-02
NORMA_L2:   8.570351848006e-04
TEMPO:   5.463001132011e-02


 ==========  EDO  ==========


    -8.595927218517e-01 -7.363866038330e-01 -6.266074462225e-01 -5.274317026252e-01 -4.367125709813e-01 -3.527996356412e-01 -2.744185352586e-01 -2.005898812045e-01 -1.305739888372e-01 -6.383240321228e-02
NORMA_L2:   3.070438121170e-01
TEMPO:   6.531009972095e-01


 	 Pontos na malhamalha [ 100 ] 


 ==========  Tridiagonal  ==========


    -9.163682943702e-01 -8.350300642207e-01 -7.566055835008e-01 -6.816696584392e-01 -6.106936984640e-01 -5.440416362169e-01 -4.819701156249e-01 -4.246324397984e-01 -3.720856418496e-01 -3.242999701073e-01 -2.811700602483e-01 -2.425270930149e-01 -2.081512979525e-01 -1.777842506828e-01 -1.511405135136e-01 -1.279182774544e-01 -1.078087701974e-01 -9.050429327022e-02 -7.570483810410e-02 -6.312330262667e-02 -5.248938613850e-02 -4.355228084458e-02 -3.608230461926e-02 -2.987163314240e-02 -2.473429258485e-02 -2.050556880182e-02 -1.704097772281e-02 -1.421492633357e-02 -1.191917608939e-02 -1.006120222917e-02 -8.562524403103e-03 -7.357067104542e-03 -6.389593153107e-03 -5.614240219926e-03 -4.993179238269e-03 -4.495404477690e-03 -4.095657949614e-03 -3.773485461935e-03 -3.512417817812e-03 -3.299268114402e-03 -3.123534600174e-03 -2.976897870276e-03 -2.852801117969e-03 -2.746102543738e-03 -2.652789708543e-03 -2.569746487795e-03 -2.494564247699e-03 -2.425389857457e-03 -2.360804120986e-03 -2.299725126952e-03 -2.241331855736e-03 -2.185004135583e-03 -2.130275703903e-03 -2.076797705016e-03 -2.024310447431e-03 -1.972621658836e-03 -1.921589823599e-03 -1.871111473874e-03 -1.821111539884e-03 -1.771536055142e-03 -1.722346665535e-03 -1.673516513490e-03 -1.625027165473e-03 -1.576866327488e-03 -1.529026152986e-03 -1.481501994064e-03 -1.434291482660e-03 -1.387393855860e-03 -1.340809460320e-03 -1.294539386416e-03 -1.248585194488e-03 -1.202948704123e-03 -1.157631823864e-03 -1.112636403438e-03 -1.067964094351e-03 -1.023616207748e-03 -9.795935613050e-04 -9.358963097718e-04 -8.925237568676e-04 -8.494741495387e-04 -8.067444591436e-04 -7.643301577286e-04 -7.222250009999e-04 -6.804208326047e-04 -6.389074265870e-04 -5.976723861353e-04 -5.567011167564e-04 -5.159768906894e-04 -4.754810167037e-04 -4.351931255259e-04 -3.950915762429e-04 -3.551539834539e-04 -3.153578590805e-04 -2.756813570005e-04 -2.361041034441e-04 -1.966080917317e-04 -1.571786167092e-04 -1.178052223271e-04 -7.848263528285e-05 -3.921165846668e-05
NORMA_L2:   1.547970142298e-02
TEMPO:   5.397600233555e-01


 ==========  EDO  ==========


    -9.153648602654e-01 -8.331844581496e-01 -7.540917659727e-01 -6.786285219526e-01 -6.072369038769e-01 -5.402556225917e-01 -4.779201212810e-01 -4.203663899322e-01 -3.676377823914e-01 -3.196941557742e-01 -2.764226344190e-01 -2.376493258363e-01 -2.031513751774e-01 -1.726688278670e-01 -1.459158676152e-01 -1.225911003325e-01 -1.023866561508e-01 -8.499597605838e-02 -7.012023252760e-02 -5.747340250412e-02 -4.678606520861e-02 -3.780803652776e-02 -3.030997737142e-02 -2.408412689404e-02 -1.894431491587e-02 -1.472540336192e-02 -1.128229615413e-02 -8.488642669314e-03 -6.235343289614e-03 -4.428948112235e-03 -2.990022637141e-03 -1.851538012896e-03 -9.573287275896e-04 -2.606477957856e-04  2.771613558578e-04  6.878659719681e-04  9.974146910241e-04  1.226879888729e-03  1.393277458547e-03  1.510272433202e-03  1.588780418536e-03  1.637475572334e-03  1.663216007729e-03  1.671397200087e-03  1.666243367721e-03  1.651045993916e-03  1.628357749901e-03  1.600149133368e-03  1.567934204126e-03  1.532870911515e-03  1.495840688901e-03  1.457511251018e-03  1.418385874951e-03  1.378841874914e-03  1.339160490775e-03  1.299549994451e-03  1.260163469553e-03  1.221112430067e-03  1.182477205811e-03  1.144314828199e-03  1.106664992911e-03  1.069554550024e-03  1.033000871769e-03  9.970143685643e-04  9.616003614781e-04  9.267604703059e-04  8.924936384380e-04  8.587968861755e-04  8.256658614117e-04  7.930952390782e-04  7.610790072931e-04  7.296106678091e-04  6.986833704317e-04  6.682899950053e-04  6.384231899646e-04  6.090753730219e-04  5.802386971071e-04  5.519049830576e-04  5.240656196530e-04  4.967114313178e-04  4.698325140737e-04  4.434180410073e-04  4.174560395085e-04  3.919331436847e-04  3.668343265305e-04  3.421426174779e-04  3.178388117510e-04  2.939011783844e-04  2.703051737858e-04  2.470231672990e-04  2.240241843712e-04  2.012736717262e-04  1.787332874679e-04  1.563607174227e-04  1.341095173941e-04  1.119289794722e-04  8.976401923334e-05  6.755507965252e-05  4.523804690540e-05  2.274417296482e-05
NORMA_L2:   1.703529783013e+02
TEMPO:   8.650123983622e+00


 	 Pontos na malhamalha [ 1000 ] 


 ==========  Tridiagonal  ==========


    -9.199567639284e-01 -8.415516853646e-01 -7.654712528552e-01 -6.923196926091e-01 -6.226078297902e-01 -5.567468173682e-01 -4.950460438889e-01 -4.377148340468e-01 -3.848674097295e-01 -3.365304857014e-01 -2.926528311792e-01 -2.531161307162e-01 -2.177465172842e-01 -1.863262181684e-01 -1.586048409633e-01 -1.343099237307e-01 -1.131564724664e-01 -9.485530406318e-02 -7.912009915201e-02 -6.567314336022e-02 -5.424979589973e-02 -4.460177050163e-02 -3.649934606353e-02 -2.973264421747e-02 -2.411212007874e-02 -1.946841266662e-02 -1.565169491868e-02 -1.253065178365e-02 -9.991200317720e-03 -7.935049514292e-03 -6.278180977146e-03 -4.949315427716e-03 -3.888415080060e-03 -3.045258548564e-03 -2.378113403286e-03 -1.852521828548e-03 -1.440207026015e-03 -1.118101905094e-03 -8.674970395433e-04 -6.733016306446e-04 -5.234090867725e-04 -4.081575957901e-04 -3.198755349452e-04 -2.525015594313e-04 -2.012695865302e-04 -1.624495235398e-04 -1.331353749296e-04 -1.110732298060e-04 -9.452251666290e-05 -8.214477678284e-05 -7.291502232266e-05 -6.605149256877e-05 -6.096029289214e-05 -5.719199252263e-05 -5.440777073193e-05 -5.235314063303e-05 -5.083765164529e-05 -4.971928276011e-05 -4.889249641431e-05 -4.827913425701e-05 -4.782150819236e-05 -4.747717902312e-05 -4.721502636404e-05 -4.701230209956e-05 -4.685242970475e-05 -4.672336677345e-05 -4.661639106519e-05 -4.652520374351e-05 -4.644526923949e-05 -4.637333096240e-05 -4.630705720241e-05 -4.624478307289e-05 -4.618532304685e-05 -4.612783520338e-05 -4.607172322313e-05 -4.601656584946e-05 -4.596206626833e-05 -4.590801588790e-05 -4.585426849544e-05 -4.580072187005e-05 -4.574730473615e-05 -4.569396753144e-05 -4.564067589142e-05 -4.558740606306e-05 -4.553414168481e-05 -4.548087153146e-05 -4.542758793876e-05 -4.537428570552e-05 -4.532096133032e-05 -4.526761248217e-05 -4.521423763413e-05 -4.516083581045e-05 -4.510740641233e-05 -4.505394909822e-05 -4.500046370169e-05 -4.494695017524e-05 -4.489340855192e-05 -4.483983891921e-05 -4.478624140121e-05 -4.473261614657e-05 -4.467896332037e-05 -4.462528309851e-05 -4.457157566405e-05 -4.451784120468e-05 -4.446407991104e-05 -4.441029197556e-05 -4.435647759174e-05 -4.430263695364e-05 -4.424877025551e-05 -4.419487769160e-05 -4.414095945600e-05 -4.408701574254e-05 -4.403304674473e-05 -4.397905265570e-05 -4.392503366819e-05 -4.387098997455e-05 -4.381692176667e-05 -4.376282923602e-05 -4.370871257366e-05 -4.365457197017e-05 -4.360040761571e-05 -4.354621970001e-05 -4.349200841232e-05 -4.343777394150e-05 -4.338351647592e-05 -4.332923620354e-05 -4.327493331187e-05 -4.322060798799e-05 -4.316626041852e-05 -4.311189078966e-05 -4.305749928717e-05 -4.300308609636e-05 -4.294865140214e-05 -4.289419538893e-05 -4.283971824077e-05 -4.278522014124e-05 -4.273070127348e-05 -4.267616182021e-05 -4.262160196373e-05 -4.256702188588e-05 -4.251242176810e-05 -4.245780179138e-05 -4.240316213629e-05 -4.234850298299e-05 -4.229382451118e-05 -4.223912690015e-05 -4.218441032878e-05 -4.212967497550e-05 -4.207492101833e-05 -4.202014863487e-05 -4.196535800229e-05 -4.191054929734e-05 -4.185572269635e-05 -4.180087837524e-05 -4.174601650950e-05 -4.169113727421e-05 -4.163624084401e-05 -4.158132739316e-05 -4.152639709547e-05 -4.147145012435e-05 -4.141648665281e-05 -4.136150685341e-05 -4.130651089833e-05 -4.125149895933e-05 -4.119647120774e-05 -4.114142781450e-05 -4.108636895013e-05 -4.103129478475e-05 -4.097620548806e-05 -4.092110122936e-05 -4.086598217753e-05 -4.081084850106e-05 -4.075570036803e-05 -4.070053794612e-05 -4.064536140258e-05 -4.059017090428e-05 -4.053496661769e-05 -4.047974870886e-05 -4.042451734346e-05 -4.036927268673e-05 -4.031401490355e-05 -4.025874415836e-05 -4.020346061522e-05 -4.014816443781e-05 -4.009285578938e-05 -4.003753483280e-05 -3.998220173054e-05 -3.992685664469e-05 -3.987149973693e-05 -3.981613116854e-05 -3.976075110043e-05 -3.970535969309e-05 -3.964995710665e-05 -3.959454350083e-05 -3.953911903495e-05 -3.948368386797e-05 -3.942823815844e-05 -3.937278206452e-05 -3.931731574400e-05 -3.926183935427e-05 -3.920635305234e-05 -3.915085699482e-05 -3.909535133797e-05 -3.903983623762e-05 -3.898431184926e-05 -3.892877832797e-05 -3.887323582846e-05 -3.881768450506e-05 -3.876212451171e-05 -3.870655600198e-05 -3.865097912906e-05 -3.859539404575e-05 -3.853980090449e-05 -3.848419985734e-05 -3.842859105596e-05 -3.837297465167e-05 -3.831735079539e-05 -3.826171963768e-05 -3.820608132872e-05 -3.815043601832e-05 -3.809478385590e-05 -3.803912499055e-05 -3.798345957094e-05 -3.792778774541e-05 -3.787210966191e-05 -3.781642546802e-05 -3.776073531096e-05 -3.770503933758e-05 -3.764933769437e-05 -3.759363052743e-05 -3.753791798253e-05 -3.748220020505e-05 -3.742647734001e-05 -3.737074953208e-05 -3.731501692554e-05 -3.725927966433e-05 -3.720353789203e-05 -3.714779175185e-05 -3.709204138663e-05 -3.703628693888e-05 -3.698052855072e-05 -3.692476636394e-05 -3.686900051994e-05 -3.681323115980e-05 -3.675745842421e-05 -3.670168245352e-05 -3.664590338774e-05 -3.659012136649e-05 -3.653433652906e-05 -3.647854901440e-05 -3.642275896108e-05 -3.636696650732e-05 -3.631117179101e-05 -3.625537494968e-05 -3.619957612049e-05 -3.614377544029e-05 -3.608797304556e-05 -3.603216907241e-05 -3.597636365665e-05 -3.592055693371e-05 -3.586474903867e-05 -3.580894010630e-05 -3.575313027098e-05 -3.569731966679e-05 -3.564150842743e-05 -3.558569668628e-05 -3.552988457636e-05 -3.547407223037e-05 -3.541825978065e-05 -3.536244735922e-05 -3.530663509773e-05 -3.525082312752e-05 -3.519501157958e-05 -3.513920058455e-05 -3.508339027276e-05 -3.502758077418e-05 -3.497177221846e-05 -3.491596473490e-05 -3.486015845247e-05 -3.480435349981e-05 -3.474855000524e-05 -3.469274809671e-05 -3.463694790188e-05 -3.458114954804e-05 -3.452535316217e-05 -3.446955887093e-05 -3.441376680062e-05 -3.435797707724e-05 -3.430218982644e-05 -3.424640517356e-05 -3.419062324359e-05 -3.413484416122e-05 -3.407906805079e-05 -3.402329503633e-05 -3.396752524155e-05 -3.391175878980e-05 -3.385599580415e-05 -3.380023640733e-05 -3.374448072174e-05 -3.368872886946e-05 -3.363298097225e-05 -3.357723715156e-05 -3.352149752852e-05 -3.346576222391e-05 -3.341003135822e-05 -3.335430505162e-05 -3.329858342396e-05 -3.324286659475e-05 -3.318715468322e-05 -3.313144780826e-05 -3.307574608845e-05 -3.302004964206e-05 -3.296435858703e-05 -3.290867304101e-05 -3.285299312131e-05 -3.279731894496e-05 -3.274165062865e-05 -3.268598828877e-05 -3.263033204140e-05 -3.257468200229e-05 -3.251903828692e-05 -3.246340101043e-05 -3.240777028766e-05 -3.235214623313e-05 -3.229652896108e-05 -3.224091858543e-05 -3.218531521977e-05 -3.212971897743e-05 -3.207412997139e-05 -3.201854831436e-05 -3.196297411872e-05 -3.190740749657e-05 -3.185184855968e-05 -3.179629741955e-05 -3.174075418736e-05 -3.168521897398e-05 -3.162969188999e-05 -3.157417304568e-05 -3.151866255101e-05 -3.146316051569e-05 -3.140766704908e-05 -3.135218226027e-05 -3.129670625805e-05 -3.124123915092e-05 -3.118578104706e-05 -3.113033205437e-05 -3.107489228046e-05 -3.101946183264e-05 -3.096404081792e-05 -3.090862934303e-05 -3.085322751440e-05 -3.079783543816e-05 -3.074245322015e-05 -3.068708096594e-05 -3.063171878078e-05 -3.057636676966e-05 -3.052102503724e-05 -3.046569368794e-05 -3.041037282585e-05 -3.035506255479e-05 -3.029976297830e-05 -3.024447419961e-05 -3.018919632169e-05 -3.013392944721e-05 -3.007867367855e-05 -3.002342911782e-05 -2.996819586684e-05 -2.991297402714e-05 -2.985776369996e-05 -2.980256498629e-05 -2.974737798680e-05 -2.969220280191e-05 -2.963703953173e-05 -2.958188827611e-05 -2.952674913461e-05 -2.947162220653e-05 -2.941650759085e-05 -2.936140538632e-05 -2.930631569137e-05 -2.925123860419e-05 -2.919617422267e-05 -2.914112264443e-05 -2.908608396680e-05 -2.903105828687e-05 -2.897604570141e-05 -2.892104630696e-05 -2.886606019976e-05 -2.881108747578e-05 -2.875612823072e-05 -2.870118256001e-05 -2.864625055881e-05 -2.859133232200e-05 -2.853642794419e-05 -2.848153751974e-05 -2.842666114271e-05 -2.837179890692e-05 -2.831695090589e-05 -2.826211723291e-05 -2.820729798097e-05 -2.815249324282e-05 -2.809770311091e-05 -2.804292767745e-05 -2.798816703438e-05 -2.793342127337e-05 -2.787869048584e-05 -2.782397476291e-05 -2.776927419549e-05 -2.771458887418e-05 -2.765991888934e-05 -2.760526433106e-05 -2.755062528918e-05 -2.749600185326e-05 -2.744139411263e-05 -2.738680215632e-05 -2.733222607313e-05 -2.727766595160e-05 -2.722312187999e-05 -2.716859394633e-05 -2.711408223837e-05 -2.705958684362e-05 -2.700510784932e-05 -2.695064534245e-05 -2.689619940976e-05 -2.684177013772e-05 -2.678735761256e-05 -2.673296192025e-05 -2.667858314650e-05 -2.662422137678e-05 -2.656987669629e-05 -2.651554919001e-05 -2.646123894263e-05 -2.640694603861e-05 -2.635267056216e-05 -2.629841259723e-05 -2.624417222753e-05 -2.618994953652e-05 -2.613574460740e-05 -2.608155752313e-05 -2.602738836643e-05 -2.597323721976e-05 -2.591910416534e-05 -2.586498928514e-05 -2.581089266088e-05 -2.575681437405e-05 -2.570275450588e-05 -2.564871313736e-05 -2.559469034925e-05 -2.554068622203e-05 -2.548670083597e-05 -2.543273427110e-05 -2.537878660718e-05 -2.532485792376e-05 -2.527094830011e-05 -2.521705781531e-05 -2.516318654815e-05 -2.510933457721e-05 -2.505550198082e-05 -2.500168883708e-05 -2.494789522384e-05 -2.489412121873e-05 -2.484036689911e-05 -2.478663234214e-05 -2.473291762472e-05 -2.467922282352e-05 -2.462554801498e-05 -2.457189327530e-05 -2.451825868044e-05 -2.446464430613e-05 -2.441105022787e-05 -2.435747652093e-05 -2.430392326033e-05 -2.425039052087e-05 -2.419687837713e-05 -2.414338690343e-05 -2.408991617388e-05 -2.403646626236e-05 -2.398303724249e-05 -2.392962918771e-05 -2.387624217119e-05 -2.382287626589e-05 -2.376953154453e-05 -2.371620807962e-05 -2.366290594342e-05 -2.360962520799e-05 -2.355636594512e-05 -2.350312822643e-05 -2.344991212327e-05 -2.339671770679e-05 -2.334354504789e-05 -2.329039421728e-05 -2.323726528541e-05 -2.318415832254e-05 -2.313107339868e-05 -2.307801058363e-05 -2.302496994696e-05 -2.297195155804e-05 -2.291895548598e-05 -2.286598179971e-05 -2.281303056792e-05 -2.276010185906e-05 -2.270719574141e-05 -2.265431228299e-05 -2.260145155160e-05 -2.254861361485e-05 -2.249579854012e-05 -2.244300639456e-05 -2.239023724512e-05 -2.233749115852e-05 -2.228476820127e-05 -2.223206843966e-05 -2.217939193978e-05 -2.212673876749e-05 -2.207410898843e-05 -2.202150266805e-05 -2.196891987155e-05 -2.191636066396e-05 -2.186382511007e-05 -2.181131327445e-05 -2.175882522148e-05 -2.170636101533e-05 -2.165392071993e-05 -2.160150439902e-05 -2.154911211614e-05 -2.149674393459e-05 -2.144439991749e-05 -2.139208012774e-05 -2.133978462802e-05 -2.128751348082e-05 -2.123526674841e-05 -2.118304449285e-05 -2.113084677602e-05 -2.107867365955e-05 -2.102652520490e-05 -2.097440147330e-05 -2.092230252580e-05 -2.087022842322e-05 -2.081817922619e-05 -2.076615499513e-05 -2.071415579027e-05 -2.066218167160e-05 -2.061023269895e-05 -2.055830893193e-05 -2.050641042993e-05 -2.045453725218e-05 -2.040268945766e-05 -2.035086710519e-05 -2.029907025337e-05 -2.024729896060e-05 -2.019555328508e-05 -2.014383328482e-05 -2.009213901761e-05 -2.004047054108e-05 -1.998882791261e-05 -1.993721118944e-05 -1.988562042856e-05 -1.983405568679e-05 -1.978251702075e-05 -1.973100448687e-05 -1.967951814138e-05 -1.962805804029e-05 -1.957662423946e-05 -1.952521679453e-05 -1.947383576093e-05 -1.942248119393e-05 -1.937115314859e-05 -1.931985167978e-05 -1.926857684216e-05 -1.921732869023e-05 -1.916610727827e-05 -1.911491266038e-05 -1.906374489048e-05 -1.901260402227e-05 -1.896149010929e-05 -1.891040320488e-05 -1.885934336218e-05 -1.880831063415e-05 -1.875730507356e-05 -1.870632673299e-05 -1.865537566484e-05 -1.860445192130e-05 -1.855355555441e-05 -1.850268661599e-05 -1.845184515768e-05 -1.840103123094e-05 -1.835024488705e-05 -1.829948617710e-05 -1.824875515198e-05 -1.819805186242e-05 -1.814737635894e-05 -1.809672869190e-05 -1.804610891146e-05 -1.799551706761e-05 -1.794495321014e-05 -1.789441738868e-05 -1.784390965265e-05 -1.779343005132e-05 -1.774297863375e-05 -1.769255544884e-05 -1.764216054530e-05 -1.759179397165e-05 -1.754145577625e-05 -1.749114600727e-05 -1.744086471271e-05 -1.739061194037e-05 -1.734038773789e-05 -1.729019215272e-05 -1.724002523215e-05 -1.718988702329e-05 -1.713977757304e-05 -1.708969692817e-05 -1.703964513524e-05 -1.698962224065e-05 -1.693962829062e-05 -1.688966333120e-05 -1.683972740826e-05 -1.678982056749e-05 -1.673994285441e-05 -1.669009431438e-05 -1.664027499258e-05 -1.659048493399e-05 -1.654072418346e-05 -1.649099278563e-05 -1.644129078500e-05 -1.639161822588e-05 -1.634197515240e-05 -1.629236160855e-05 -1.624277763812e-05 -1.619322328475e-05 -1.614369859189e-05 -1.609420360283e-05 -1.604473836071e-05 -1.599530290846e-05 -1.594589728888e-05 -1.589652154459e-05 -1.584717571802e-05 -1.579785985147e-05 -1.574857398705e-05 -1.569931816671e-05 -1.565009243222e-05 -1.560089682521e-05 -1.555173138712e-05 -1.550259615923e-05 -1.545349118268e-05 -1.540441649840e-05 -1.535537214720e-05 -1.530635816969e-05 -1.525737460635e-05 -1.520842149746e-05 -1.515949888317e-05 -1.511060680345e-05 -1.506174529812e-05 -1.501291440681e-05 -1.496411416902e-05 -1.491534462408e-05 -1.486660581115e-05 -1.481789776924e-05 -1.476922053718e-05 -1.472057415367e-05 -1.467195865723e-05 -1.462337408623e-05 -1.457482047887e-05 -1.452629787319e-05 -1.447780630710e-05 -1.442934581833e-05 -1.438091644443e-05 -1.433251822284e-05 -1.428415119082e-05 -1.423581538546e-05 -1.418751084371e-05 -1.413923760237e-05 -1.409099569806e-05 -1.404278516728e-05 -1.399460604634e-05 -1.394645837141e-05 -1.389834217851e-05 -1.385025750351e-05 -1.380220438210e-05 -1.375418284984e-05 -1.370619294214e-05 -1.365823469424e-05 -1.361030814124e-05 -1.356241331809e-05 -1.351455025957e-05 -1.346671900032e-05 -1.341891957484e-05 -1.337115201747e-05 -1.332341636238e-05 -1.327571264363e-05 -1.322804089509e-05 -1.318040115051e-05 -1.313279344348e-05 -1.308521780743e-05 -1.303767427565e-05 -1.299016288130e-05 -1.294268365736e-05 -1.289523663668e-05 -1.284782185196e-05 -1.280043933576e-05 -1.275308912048e-05 -1.270577123838e-05 -1.265848572157e-05 -1.261123260202e-05 -1.256401191156e-05 -1.251682368185e-05 -1.246966794444e-05 -1.242254473070e-05 -1.237545407189e-05 -1.232839599910e-05 -1.228137054328e-05 -1.223437773525e-05 -1.218741760568e-05 -1.214049018509e-05 -1.209359550386e-05 -1.204673359225e-05 -1.199990448033e-05 -1.195310819808e-05 -1.190634477532e-05 -1.185961424171e-05 -1.181291662678e-05 -1.176625195995e-05 -1.171962027045e-05 -1.167302158741e-05 -1.162645593980e-05 -1.157992335645e-05 -1.153342386607e-05 -1.148695749721e-05 -1.144052427828e-05 -1.139412423759e-05 -1.134775740326e-05 -1.130142380330e-05 -1.125512346559e-05 -1.120885641786e-05 -1.116262268771e-05 -1.111642230259e-05 -1.107025528983e-05 -1.102412167662e-05 -1.097802149001e-05 -1.093195475692e-05 -1.088592150414e-05 -1.083992175831e-05 -1.079395554596e-05 -1.074802289345e-05 -1.070212382704e-05 -1.065625837284e-05 -1.061042655683e-05 -1.056462840487e-05 -1.051886394266e-05 -1.047313319580e-05 -1.042743618972e-05 -1.038177294976e-05 -1.033614350111e-05 -1.029054786881e-05 -1.024498607780e-05 -1.019945815288e-05 -1.015396411870e-05 -1.010850399982e-05 -1.006307782062e-05 -1.001768560540e-05 -9.972327378302e-06 -9.927003163342e-06 -9.881712984413e-06 -9.836456865278e-06 -9.791234829573e-06 -9.746046900805e-06 -9.700893102354e-06 -9.655773457473e-06 -9.610687989288e-06 -9.565636720799e-06 -9.520619674879e-06 -9.475636874276e-06 -9.430688341610e-06 -9.385774099378e-06 -9.340894169950e-06 -9.296048575574e-06 -9.251237338369e-06 -9.206460480334e-06 -9.161718023341e-06 -9.117009989139e-06 -9.072336399353e-06 -9.027697275487e-06 -8.983092638919e-06 -8.938522510905e-06 -8.893986912580e-06 -8.849485864956e-06 -8.805019388922e-06 -8.760587505248e-06 -8.716190234579e-06 -8.671827597441e-06 -8.627499614240e-06 -8.583206305260e-06 -8.538947690664e-06 -8.494723790497e-06 -8.450534624682e-06 -8.406380213025e-06 -8.362260575211e-06 -8.318175730805e-06 -8.274125699256e-06 -8.230110499893e-06 -8.186130151925e-06 -8.142184674448e-06 -8.098274086435e-06 -8.054398406744e-06 -8.010557654116e-06 -7.966751847176e-06 -7.922981004428e-06 -7.879245144266e-06 -7.835544284962e-06 -7.791878444676e-06 -7.748247641451e-06 -7.704651893214e-06 -7.661091217778e-06 -7.617565632841e-06 -7.574075155985e-06 -7.530619804680e-06 -7.487199596280e-06 -7.443814548026e-06 -7.400464677046e-06 -7.357150000353e-06 -7.313870534848e-06 -7.270626297319e-06 -7.227417304443e-06 -7.184243572782e-06 -7.141105118787e-06 -7.098001958797e-06 -7.054934109041e-06 -7.011901585636e-06 -6.968904404585e-06 -6.925942581785e-06 -6.883016133018e-06 -6.840125073960e-06 -6.797269420173e-06 -6.754449187112e-06 -6.711664390120e-06 -6.668915044434e-06 -6.626201165178e-06 -6.583522767370e-06 -6.540879865919e-06 -6.498272475624e-06 -6.455700611177e-06 -6.413164287164e-06 -6.370663518060e-06 -6.328198318235e-06 -6.285768701952e-06 -6.243374683364e-06 -6.201016276522e-06 -6.158693495367e-06 -6.116406353735e-06 -6.074154865357e-06 -6.031939043857e-06 -5.989758902754e-06 -5.947614455462e-06 -5.905505715291e-06 -5.863432695444e-06 -5.821395409022e-06 -5.779393869019e-06 -5.737428088327e-06 -5.695498079735e-06 -5.653603855926e-06 -5.611745429482e-06 -5.569922812880e-06 -5.528136018495e-06 -5.486385058601e-06 -5.444669945367e-06 -5.402990690861e-06 -5.361347307050e-06 -5.319739805798e-06 -5.278168198869e-06 -5.236632497923e-06 -5.195132714524e-06 -5.153668860129e-06 -5.112240946101e-06 -5.070848983698e-06 -5.029492984079e-06 -4.988172958305e-06 -4.946888917335e-06 -4.905640872031e-06 -4.864428833155e-06 -4.823252811369e-06 -4.782112817238e-06 -4.741008861227e-06 -4.699940953704e-06 -4.658909104939e-06 -4.617913325103e-06 -4.576953624272e-06 -4.536030012423e-06 -4.495142499435e-06 -4.454291095092e-06 -4.413475809080e-06 -4.372696650990e-06 -4.331953630316e-06 -4.291246756456e-06 -4.250576038712e-06 -4.209941486292e-06 -4.169343108307e-06 -4.128780913774e-06 -4.088254911615e-06 -4.047765110657e-06 -4.007311519633e-06 -3.966894147181e-06 -3.926513001846e-06 -3.886168092080e-06 -3.845859426239e-06 -3.805587012588e-06 -3.765350859299e-06 -3.725150974449e-06 -3.684987366024e-06 -3.644860041918e-06 -3.604769009931e-06 -3.564714277772e-06 -3.524695853059e-06 -3.484713743318e-06 -3.444767955984e-06 -3.404858498398e-06 -3.364985377814e-06 -3.325148601394e-06 -3.285348176209e-06 -3.245584109239e-06 -3.205856407376e-06 -3.166165077421e-06 -3.126510126085e-06 -3.086891559990e-06 -3.047309385669e-06 -3.007763609567e-06 -2.968254238038e-06 -2.928781277348e-06 -2.889344733676e-06 -2.849944613112e-06 -2.810580921658e-06 -2.771253665228e-06 -2.731962849650e-06 -2.692708480661e-06 -2.653490563916e-06 -2.614309104980e-06 -2.575164109331e-06 -2.536055582361e-06 -2.496983529377e-06 -2.457947955599e-06 -2.418948866161e-06 -2.379986266111e-06 -2.341060160413e-06 -2.302170553943e-06 -2.263317451496e-06 -2.224500857778e-06 -2.185720777413e-06 -2.146977214939e-06 -2.108270174812e-06 -2.069599661402e-06 -2.030965678995e-06 -1.992368231795e-06 -1.953807323921e-06 -1.915282959410e-06 -1.876795142215e-06 -1.838343876207e-06 -1.799929165173e-06 -1.761551012820e-06 -1.723209422770e-06 -1.684904398564e-06 -1.646635943663e-06 -1.608404061440e-06 -1.570208755183e-06 -1.532050028080e-06 -1.493927883183e-06 -1.455842323318e-06 -1.417793350886e-06 -1.379780967419e-06 -1.341805172666e-06 -1.303865962839e-06 -1.265963327367e-06 -1.228097243190e-06 -1.190267665173e-06 -1.152474510634e-06 -1.114717635363e-06 -1.076996797793e-06 -1.039311607353e-06 -1.001661452536e-06 -9.640454039520e-07 -9.264620878034e-07 -8.889095258506e-07 -8.513849391636e-07 -8.138845147696e-07 -7.764031366851e-07 -7.389340856340e-07 -7.014687148191e-07 -6.639961121901e-07 -6.265027624483e-07 -5.889722242753e-07 -5.513848397039e-07 -5.137174929662e-07 -4.759434354409e-07 -4.380321914621e-07 -3.999495568170e-07 -3.616576979438e-07 -3.231153553891e-07 -2.842781503057e-07 -2.450989880050e-07 -2.055285481428e-07 -1.655158472971e-07 -1.250088567284e-07 -8.395515614028e-08 -4.230260335773e-08
NORMA_L2:   1.602474349661e-02
TEMPO:   5.558782994747e+00


 ==========  EDO  ==========


    -9.199453005765e-01 -8.415303322817e-01 -7.654417581382e-01 -6.922835015790e-01 -6.225661122496e-01 -5.567004985533e-01 -4.949958375208e-01 -4.376612759604e-01 -3.848108907213e-01 -3.364712824564e-01 -2.925911343954e-01 -2.530520698181e-01 -2.176801813764e-01 -1.862576731236e-01 -1.585341427413e-01 -1.342371281861e-01 -1.130816420214e-01 -9.477851169401e-02 -7.904143017123e-02 -6.559269547974e-02 -5.416767803163e-02 -4.451810070988e-02 -3.641424902266e-02 -2.964624847075e-02 -2.402455532476e-02 -1.937980724219e-02 -1.556217359083e-02 -1.244033391659e-02 -9.900198441601e-03 -7.843468292666e-03 -6.186116547795e-03 -4.856855077021e-03 -3.795637202373e-03 -2.952232838573e-03 -2.284901229698e-03 -1.759176740523e-03 -1.346775348744e-03 -1.024623386909e-03 -7.740055193721e-04 -5.798257009461e-04 -4.299727330583e-04 -3.147807991565e-04 -2.265748286387e-04 -1.592905342966e-04 -1.081593432497e-04 -6.944907193648e-05 -4.025198233487e-05 -1.831272169260e-05 -1.889533490828e-06  1.035700859624e-05  1.945267759187e-05  2.617986755179e-05  3.113298103616e-05  3.476185391204e-05  3.740562826217e-05  3.931904457906e-05  4.069275258177e-05  4.166892889027e-05  4.235323209475e-05  4.282391424595e-05  4.313873566162e-05  4.334019096703e-05  4.345944290915e-05  4.351927184809e-05  4.353627875596e-05  4.352252450379e-05  4.348674522731e-05  4.343525018251e-05  4.337258272500e-05  4.330200524604e-05  4.322585376339e-05  4.314579635426e-05  4.306302090291e-05  4.297837106819e-05  4.289244444886e-05  4.280566324255e-05  4.271832495538e-05  4.263063868877e-05  4.254275103169e-05  4.245476448408e-05  4.236675052996e-05  4.227875888889e-05  4.219082404569e-05  4.210296984696e-05  4.201521272867e-05  4.192756397663e-05  4.184003130578e-05  4.175261996084e-05  4.166533348165e-05  4.157817423394e-05  4.149114377667e-05  4.140424311567e-05  4.131747287835e-05  4.123083343381e-05  4.114432497517e-05  4.105794757597e-05  4.097170122867e-05  4.088558587086e-05  4.079960140312e-05  4.071374770115e-05  4.062802462393e-05  4.054243201930e-05  4.045696972768e-05  4.037163758459e-05  4.028643542239e-05  4.020136307133e-05  4.011642036040e-05  4.003160711776e-05  3.994692317115e-05  3.986236834807e-05  3.977794247592e-05  3.969364538215e-05  3.960947689430e-05  3.952543684001e-05  3.944152504712e-05  3.935774134361e-05  3.927408555767e-05  3.919055751770e-05  3.910715705228e-05  3.902388399021e-05  3.894073816049e-05  3.885771939236e-05  3.877482751522e-05  3.869206235873e-05  3.860942375274e-05  3.852691152730e-05  3.844452551271e-05  3.836226553943e-05  3.828013143818e-05  3.819812303986e-05  3.811624017559e-05  3.803448267671e-05  3.795285037475e-05  3.787134310147e-05  3.778996068884e-05  3.770870296901e-05  3.762756977439e-05  3.754656093755e-05  3.746567629130e-05  3.738491566864e-05  3.730427890280e-05  3.722376582720e-05  3.714337627547e-05  3.706311008147e-05  3.698296707922e-05  3.690294710300e-05  3.682304998727e-05  3.674327556670e-05  3.666362367616e-05  3.658409415074e-05  3.650468682574e-05  3.642540153664e-05  3.634623811915e-05  3.626719640917e-05  3.618827624282e-05  3.610947745642e-05  3.603079988648e-05  3.595224336974e-05  3.587380774313e-05  3.579549284377e-05  3.571729850901e-05  3.563922457639e-05  3.556127088366e-05  3.548343726876e-05  3.540572356984e-05  3.532812962526e-05  3.525065527358e-05  3.517330035355e-05  3.509606470413e-05  3.501894816448e-05  3.494195057397e-05  3.486507177216e-05  3.478831159881e-05  3.471166989389e-05  3.463514649757e-05  3.455874125021e-05  3.448245399238e-05  3.440628456484e-05  3.433023280856e-05  3.425429856470e-05  3.417848167462e-05  3.410278197990e-05  3.402719932228e-05  3.395173354373e-05  3.387638448641e-05  3.380115199266e-05  3.372603590505e-05  3.365103606631e-05  3.357615231941e-05  3.350138450747e-05  3.342673247385e-05  3.335219606208e-05  3.327777511589e-05  3.320346947920e-05  3.312927899616e-05  3.305520351107e-05  3.298124286845e-05  3.290739691301e-05  3.283366548966e-05  3.276004844350e-05  3.268654561982e-05  3.261315686410e-05  3.253988202204e-05  3.246672093951e-05  3.239367346257e-05  3.232073943749e-05  3.224791871073e-05  3.217521112892e-05  3.210261653893e-05  3.203013478776e-05  3.195776572267e-05  3.188550919104e-05  3.181336504051e-05  3.174133311886e-05  3.166941327409e-05  3.159760535438e-05  3.152590920811e-05  3.145432468383e-05  3.138285163029e-05  3.131148989645e-05  3.124023933144e-05  3.116909978457e-05  3.109807110537e-05  3.102715314352e-05  3.095634574893e-05  3.088564877167e-05  3.081506206201e-05  3.074458547039e-05  3.067421884748e-05  3.060396204409e-05  3.053381491126e-05  3.046377730017e-05  3.039384906223e-05  3.032403004901e-05  3.025432011229e-05  3.018471910402e-05  3.011522687633e-05  3.004584328155e-05  2.997656817219e-05  2.990740140096e-05  2.983834282072e-05  2.976939228455e-05  2.970054964571e-05  2.963181475762e-05  2.956318747391e-05  2.949466764838e-05  2.942625513503e-05  2.935794978803e-05  2.928975146173e-05  2.922166001067e-05  2.915367528959e-05  2.908579715337e-05  2.901802545712e-05  2.895036005611e-05  2.888280080579e-05  2.881534756179e-05  2.874800017993e-05  2.868075851622e-05  2.861362242683e-05  2.854659176812e-05  2.847966639664e-05  2.841284616912e-05  2.834613094245e-05  2.827952057372e-05  2.821301492020e-05  2.814661383933e-05  2.808031718873e-05  2.801412482621e-05  2.794803660976e-05  2.788205239752e-05  2.781617204786e-05  2.775039541928e-05  2.768472237048e-05  2.761915276034e-05  2.755368644791e-05  2.748832329243e-05  2.742306315330e-05  2.735790589012e-05  2.729285136264e-05  2.722789943081e-05  2.716304995474e-05  2.709830279474e-05  2.703365781126e-05  2.696911486496e-05  2.690467381665e-05  2.684033452735e-05  2.677609685821e-05  2.671196067060e-05  2.664792582602e-05  2.658399218619e-05  2.652015961297e-05  2.645642796842e-05  2.639279711475e-05  2.632926691436e-05  2.626583722982e-05  2.620250792388e-05  2.613927885945e-05  2.607614989961e-05  2.601312090764e-05  2.595019174697e-05  2.588736228121e-05  2.582463237413e-05  2.576200188969e-05  2.569947069202e-05  2.563703864541e-05  2.557470561432e-05  2.551247146341e-05  2.545033605747e-05  2.538829926149e-05  2.532636094062e-05  2.526452096018e-05  2.520277918567e-05  2.514113548274e-05  2.507958971724e-05  2.501814175515e-05  2.495679146267e-05  2.489553870611e-05  2.483438335201e-05  2.477332526702e-05  2.471236431801e-05  2.465150037199e-05  2.459073329613e-05  2.453006295780e-05  2.446948922452e-05  2.440901196397e-05  2.434863104400e-05  2.428834633265e-05  2.422815769810e-05  2.416806500870e-05  2.410806813298e-05  2.404816693963e-05  2.398836129751e-05  2.392865107563e-05  2.386903614318e-05  2.380951636953e-05  2.375009162418e-05  2.369076177682e-05  2.363152669731e-05  2.357238625565e-05  2.351334032202e-05  2.345438876677e-05  2.339553146040e-05  2.333676827359e-05  2.327809907717e-05  2.321952374214e-05  2.316104213966e-05  2.310265414106e-05  2.304435961783e-05  2.298615844162e-05  2.292805048425e-05  2.287003561769e-05  2.281211371408e-05  2.275428464572e-05  2.269654828508e-05  2.263890450478e-05  2.258135317761e-05  2.252389417652e-05  2.246652737462e-05  2.240925264517e-05  2.235206986161e-05  2.229497889753e-05  2.223797962668e-05  2.218107192297e-05  2.212425566049e-05  2.206753071344e-05  2.201089695624e-05  2.195435426343e-05  2.189790250972e-05  2.184154156998e-05  2.178527131924e-05  2.172909163269e-05  2.167300238566e-05  2.161700345367e-05  2.156109471237e-05  2.150527603759e-05  2.144954730530e-05  2.139390839164e-05  2.133835917290e-05  2.128289952552e-05  2.122752932612e-05  2.117224845146e-05  2.111705677845e-05  2.106195418418e-05  2.100694054587e-05  2.095201574092e-05  2.089717964686e-05  2.084243214139e-05  2.078777310238e-05  2.073320240783e-05  2.067871993590e-05  2.062432556493e-05  2.057001917337e-05  2.051580063986e-05  2.046166984319e-05  2.040762666229e-05  2.035367097625e-05  2.029980266432e-05  2.024602160590e-05  2.019232768055e-05  2.013872076795e-05  2.008520074799e-05  2.003176750066e-05  1.997842090613e-05  1.992516084472e-05  1.987198719690e-05  1.981889984328e-05  1.976589866465e-05  1.971298354192e-05  1.966015435617e-05  1.960741098863e-05  1.955475332068e-05  1.950218123385e-05  1.944969460982e-05  1.939729333042e-05  1.934497727763e-05  1.929274633359e-05  1.924060038058e-05  1.918853930102e-05  1.913656297750e-05  1.908467129276e-05  1.903286412967e-05  1.898114137126e-05  1.892950290072e-05  1.887794860136e-05  1.882647835668e-05  1.877509205028e-05  1.872378956595e-05  1.867257078761e-05  1.862143559932e-05  1.857038388531e-05  1.851941552993e-05  1.846853041771e-05  1.841772843329e-05  1.836700946149e-05  1.831637338726e-05  1.826582009570e-05  1.821534947206e-05  1.816496140173e-05  1.811465577024e-05  1.806443246329e-05  1.801429136670e-05  1.796423236645e-05  1.791425534867e-05  1.786436019961e-05  1.781454680570e-05  1.776481505349e-05  1.771516482968e-05  1.766559602112e-05  1.761610851480e-05  1.756670219785e-05  1.751737695756e-05  1.746813268135e-05  1.741896925678e-05  1.736988657157e-05  1.732088451356e-05  1.727196297077e-05  1.722312183132e-05  1.717436098350e-05  1.712568031573e-05  1.707707971659e-05  1.702855907478e-05  1.698011827916e-05  1.693175721872e-05  1.688347578260e-05  1.683527386008e-05  1.678715134057e-05  1.673910811364e-05  1.669114406898e-05  1.664325909645e-05  1.659545308603e-05  1.654772592783e-05  1.650007751213e-05  1.645250772933e-05  1.640501646997e-05  1.635760362475e-05  1.631026908448e-05  1.626301274012e-05  1.621583448280e-05  1.616873420374e-05  1.612171179433e-05  1.607476714609e-05  1.602790015068e-05  1.598111069991e-05  1.593439868569e-05  1.588776400013e-05  1.584120653541e-05  1.579472618391e-05  1.574832283809e-05  1.570199639061e-05  1.565574673420e-05  1.560957376179e-05  1.556347736640e-05  1.551745744122e-05  1.547151387955e-05  1.542564657484e-05  1.537985542068e-05  1.533414031079e-05  1.528850113902e-05  1.524293779938e-05  1.519745018598e-05  1.515203819310e-05  1.510670171513e-05  1.506144064662e-05  1.501625488222e-05  1.497114431675e-05  1.492610884515e-05  1.488114836248e-05  1.483626276397e-05  1.479145194495e-05  1.474671580091e-05  1.470205422745e-05  1.465746712031e-05  1.461295437539e-05  1.456851588869e-05  1.452415155635e-05  1.447986127467e-05  1.443564494004e-05  1.439150244901e-05  1.434743369827e-05  1.430343858462e-05  1.425951700500e-05  1.421566885649e-05  1.417189403630e-05  1.412819244176e-05  1.408456397035e-05  1.404100851966e-05  1.399752598743e-05  1.395411627153e-05  1.391077926994e-05  1.386751488080e-05  1.382432300237e-05  1.378120353303e-05  1.373815637129e-05  1.369518141582e-05  1.365227856538e-05  1.360944771888e-05  1.356668877537e-05  1.352400163401e-05  1.348138619410e-05  1.343884235507e-05  1.339637001647e-05  1.335396907798e-05  1.331163943943e-05  1.326938100074e-05  1.322719366201e-05  1.318507732341e-05  1.314303188529e-05  1.310105724810e-05  1.305915331242e-05  1.301731997896e-05  1.297555714856e-05  1.293386472219e-05  1.289224260095e-05  1.285069068604e-05  1.280920887883e-05  1.276779708078e-05  1.272645519351e-05  1.268518311872e-05  1.264398075829e-05  1.260284801419e-05  1.256178478853e-05  1.252079098353e-05  1.247986650157e-05  1.243901124512e-05  1.239822511678e-05  1.235750801931e-05  1.231685985555e-05  1.227628052850e-05  1.223576994125e-05  1.219532799705e-05  1.215495459926e-05  1.211464965135e-05  1.207441305694e-05  1.203424471976e-05  1.199414454365e-05  1.195411243261e-05  1.191414829074e-05  1.187425202226e-05  1.183442353152e-05  1.179466272299e-05  1.175496950127e-05  1.171534377109e-05  1.167578543727e-05  1.163629440479e-05  1.159687057873e-05  1.155751386431e-05  1.151822416684e-05  1.147900139179e-05  1.143984544473e-05  1.140075623136e-05  1.136173365749e-05  1.132277762907e-05  1.128388805215e-05  1.124506483292e-05  1.120630787768e-05  1.116761709285e-05  1.112899238498e-05  1.109043366073e-05  1.105194082689e-05  1.101351379037e-05  1.097515245818e-05  1.093685673748e-05  1.089862653553e-05  1.086046175971e-05  1.082236231753e-05  1.078432811661e-05  1.074635906469e-05  1.070845506964e-05  1.067061603944e-05  1.063284188219e-05  1.059513250610e-05  1.055748781952e-05  1.051990773088e-05  1.048239214878e-05  1.044494098190e-05  1.040755413905e-05  1.037023152916e-05  1.033297306126e-05  1.029577864453e-05  1.025864818824e-05  1.022158160179e-05  1.018457879469e-05  1.014763967657e-05  1.011076415718e-05  1.007395214638e-05  1.003720355416e-05  1.000051829060e-05  9.963896265919e-06  9.927337390451e-06  9.890841574636e-06  9.854408729036e-06  9.818038764325e-06  9.781731591295e-06  9.745487120853e-06  9.709305264020e-06  9.673185931933e-06  9.637129035844e-06  9.601134487119e-06  9.565202197240e-06  9.529332077802e-06  9.493524040515e-06  9.457777997202e-06  9.422093859803e-06  9.386471540370e-06  9.350910951067e-06  9.315412004176e-06  9.279974612088e-06  9.244598687310e-06  9.209284142462e-06  9.174030890277e-06  9.138838843601e-06  9.103707915391e-06  9.068638018719e-06  9.033629066769e-06  8.998680972836e-06  8.963793650330e-06  8.928967012771e-06  8.894200973791e-06  8.859495447135e-06  8.824850346658e-06  8.790265586329e-06  8.755741080226e-06  8.721276742540e-06  8.686872487572e-06  8.652528229736e-06  8.618243883554e-06  8.584019363661e-06  8.549854584801e-06  8.515749461831e-06  8.481703909715e-06  8.447717843530e-06  8.413791178462e-06  8.379923829807e-06  8.346115712970e-06  8.312366743468e-06  8.278676836925e-06  8.245045909075e-06  8.211473875763e-06  8.177960652941e-06  8.144506156671e-06  8.111110303124e-06  8.077773008580e-06  8.044494189426e-06  8.011273762159e-06  7.978111643385e-06  7.945007749816e-06  7.911961998274e-06  7.878974305687e-06  7.846044589093e-06  7.813172765637e-06  7.780358752571e-06  7.747602467254e-06  7.714903827154e-06  7.682262749844e-06  7.649679153006e-06  7.617152954428e-06  7.584684072005e-06  7.552272423737e-06  7.519917927734e-06  7.487620502209e-06  7.455380065483e-06  7.423196535982e-06  7.391069832240e-06  7.358999872894e-06  7.326986576690e-06  7.295029862476e-06  7.263129649209e-06  7.231285855948e-06  7.199498401859e-06  7.167767206214e-06  7.136092188389e-06  7.104473267863e-06  7.072910364223e-06  7.041403397158e-06  7.009952286462e-06  6.978556952034e-06  6.947217313878e-06  6.915933292099e-06  6.884704806909e-06  6.853531778623e-06  6.822414127657e-06  6.791351774535e-06  6.760344639882e-06  6.729392644425e-06  6.698495708997e-06  6.667653754532e-06  6.636866702068e-06  6.606134472746e-06  6.575456987807e-06  6.544834168598e-06  6.514265936567e-06  6.483752213263e-06  6.453292920340e-06  6.422887979551e-06  6.392537312754e-06  6.362240841904e-06  6.331998489064e-06  6.301810176393e-06  6.271675826155e-06  6.241595360713e-06  6.211568702532e-06  6.181595774178e-06  6.151676498319e-06  6.121810797722e-06  6.091998595255e-06  6.062239813888e-06  6.032534376689e-06  6.002882206829e-06  5.973283227576e-06  5.943737362302e-06  5.914244534475e-06  5.884804667665e-06  5.855417685541e-06  5.826083511872e-06  5.796802070526e-06  5.767573285471e-06  5.738397080772e-06  5.709273380597e-06  5.680202109209e-06  5.651183190971e-06  5.622216550347e-06  5.593302111896e-06  5.564439800278e-06  5.535629540249e-06  5.506871256667e-06  5.478164874484e-06  5.449510318753e-06  5.420907514622e-06  5.392356387339e-06  5.363856862250e-06  5.335408864795e-06  5.307012320516e-06  5.278667155048e-06  5.250373294127e-06  5.222130663583e-06  5.193939189344e-06  5.165798797435e-06  5.137709413977e-06  5.109670965189e-06  5.081683377384e-06  5.053746576973e-06  5.025860490464e-06  4.998025044458e-06  4.970240165655e-06  4.942505780849e-06  4.914821816930e-06  4.887188200885e-06  4.859604859795e-06  4.832071720836e-06  4.804588711280e-06  4.777155758495e-06  4.749772789942e-06  4.722439733179e-06  4.695156515856e-06  4.667923065721e-06  4.640739310614e-06  4.613605178470e-06  4.586520597319e-06  4.559485495284e-06  4.532499800584e-06  4.505563441529e-06  4.478676346527e-06  4.451838444075e-06  4.425049662767e-06  4.398309931289e-06  4.371619178420e-06  4.344977333034e-06  4.318384324097e-06  4.291840080668e-06  4.265344531899e-06  4.238897607035e-06  4.212499235413e-06  4.186149346463e-06  4.159847869708e-06  4.133594734762e-06  4.107389871334e-06  4.081233209221e-06  4.055124678316e-06  4.029064208600e-06  4.003051730150e-06  3.977087173131e-06  3.951170467802e-06  3.925301544512e-06  3.899480333701e-06  3.873706765902e-06  3.847980771738e-06  3.822302281923e-06  3.796671227262e-06  3.771087538650e-06  3.745551147073e-06  3.720061983610e-06  3.694619979426e-06  3.669225065779e-06  3.643877174018e-06  3.618576235580e-06  3.593322181993e-06  3.568114944874e-06  3.542954455931e-06  3.517840646961e-06  3.492773449850e-06  3.467752796576e-06  3.442778619202e-06  3.417850849884e-06  3.392969420865e-06  3.368134264477e-06  3.343345313143e-06  3.318602499372e-06  3.293905755763e-06  3.269255015004e-06  3.244650209871e-06  3.220091273227e-06  3.195578138025e-06  3.171110737305e-06  3.146689004197e-06  3.122312871915e-06  3.097982273765e-06  3.073697143138e-06  3.049457413514e-06  3.025263018459e-06  3.001113891627e-06  2.977009966761e-06  2.952951177687e-06  2.928937458323e-06  2.904968742669e-06  2.881044964816e-06  2.857166058940e-06  2.833331959302e-06  2.809542600253e-06  2.785797916227e-06  2.762097841745e-06  2.738442311417e-06  2.714831259935e-06  2.691264622079e-06  2.667742332716e-06  2.644264326796e-06  2.620830539357e-06  2.597440905520e-06  2.574095360495e-06  2.550793839574e-06  2.527536278135e-06  2.504322611643e-06  2.481152775646e-06  2.458026705777e-06  2.434944337755e-06  2.411905607382e-06  2.388910450546e-06  2.365958803220e-06  2.343050601458e-06  2.320185781403e-06  2.297364279279e-06  2.274586031394e-06  2.251850974141e-06  2.229159043997e-06  2.206510177523e-06  2.183904311362e-06  2.161341382241e-06  2.138821326973e-06  2.116344082450e-06  2.093909585652e-06  2.071517773637e-06  2.049168583550e-06  2.026861952618e-06  2.004597818149e-06  1.982376117536e-06  1.960196788254e-06  1.938059767860e-06  1.915964993993e-06  1.893912404375e-06  1.871901936811e-06  1.849933529186e-06  1.828007119469e-06  1.806122645710e-06  1.784280046040e-06  1.762479258674e-06  1.740720221907e-06  1.719002874114e-06  1.697327153755e-06  1.675692999368e-06  1.654100349574e-06  1.632549143074e-06  1.611039318652e-06  1.589570815170e-06  1.568143571573e-06  1.546757526886e-06  1.525412620214e-06  1.504108790743e-06  1.482845977740e-06  1.461624120551e-06  1.440443158604e-06  1.419303031404e-06  1.398203678539e-06  1.377145039675e-06  1.356127054560e-06  1.335149663020e-06  1.314212804960e-06  1.293316420366e-06  1.272460449302e-06  1.251644831912e-06  1.230869508420e-06  1.210134419129e-06  1.189439504418e-06  1.168784704749e-06  1.148169960661e-06  1.127595212771e-06  1.107060401775e-06  1.086565468449e-06  1.066110353646e-06  1.045694998296e-06  1.025319343411e-06  1.004983330077e-06  9.846868994617e-07  9.644299928076e-07  9.442125514367e-07  9.240345167484e-07  9.038958302198e-07  8.837964334054e-07  8.637362679371e-07  8.437152755241e-07  8.237333979517e-07  8.037905770794e-07  7.838867548343e-07  7.640218731936e-07  7.441958741414e-07  7.244086995685e-07  7.046602910530e-07  6.849505894128e-07  6.652795338342e-07  6.456470602637e-07  6.260530985761e-07  6.064975678005e-07  5.869803684012e-07  5.675013702753e-07  5.480603947695e-07  5.286571886725e-07  5.092913878555e-07  4.899624680675e-07  4.706696804153e-07  4.514119693188e-07  4.321878712726e-07  4.129953935884e-07  3.938318734124e-07  3.746938186652e-07  3.555767340427e-07  3.364749367387e-07  3.173813679581e-07  2.982874074545e-07  2.791826991136e-07  2.600549959185e-07  2.408900324030e-07  2.216714319230e-07  2.023806547696e-07  1.829969914075e-07  1.634976030553e-07  1.438576095828e-07  1.240502224384e-07  1.040469182007e-07  8.381764649679e-08  6.333106457977e-08  4.255478986552e-08  2.145566124399e-08
NORMA_L2:   1.622333920995e+04
TEMPO:   7.143683597445e+01

